6
0 0 0
0 0 0
0 0 10
0 0 10
2
0
9.80297
0 10 10
0 0 10
0 10 20
0 0 20
2
0
15.24
15.3141 3.74879 17.0558
0 10 20
15.3141 3.74879 27.0558
15.3141 10.8349 17.0558
2
-136
20.9457
8.22931 3.10276 17.4727
15.3141 3.74879 27.0558
18.0354 3.63736 15.5874
8.22931 3.10276 17.4727
2
-143
15.3384
7.82437 5.23606 23.7192
18.0354 3.63736 15.5874
1.88829 4.69478 15.6898
7.82437 5.23606 23.7192
2
-143
18.3859
-3.78873 4.69478 20.8456
1.88829 4.69478 15.6898
-11.5533 5.91043 27.029
-11.5533 5.91043 27.029
2
-396
17.2843
