14
16.8412 0 7.56574
16.8412 0 7.56574
16.8412 0 17.5657
16.8412 0 17.5657
2
0
9.80298
16.9882 10.3446 16.9973
16.8412 0 17.5657
16.9882 10.3446 26.9973
16.9882 -0.242959 26.9973
2
0
15.2074
22.71 0.969391 24.2959
16.9882 10.3446 26.9973
22.8658 0.711897 34.2914
25.6159 0.711897 30.7499
2
-79
15.039
21.8604 9.85702 28.6873
22.8658 0.711897 34.2914
28.2679 2.70317 31.4743
18.325 -1.60046 30.3342
2
-134
11.1517
36.1553 2.58095 27.7228
28.2679 2.70317 31.4743
29.1173 -1.0031 21.5893
32.263 0.940363 24.1535
1
-317
11.0925
29.1173 2.2762 21.5893
29.1173 -1.0031 21.5893
33.8041 0.208203 13.0011
33.8041 -10.5656 13.0011
2
-305
11.8583
37.5739 8.85005 10.8308
33.8041 0.208203 13.0011
40.9997 1.86035 4.55328
41.7288 3.25973 5.71182
2
-299
12.5851
45.3807 0.695274 11.6344
40.9997 1.86035 4.55328
52.4617 3.42197 5.12103
45.3807 0.695274 11.6344
2
45
13.8928
43.9355 3.03004 10.3316
52.4617 3.42197 5.12103
49.1461 1.64434 18.7536
43.9355 3.03004 10.3316
2
45
16.0331
40.2865 -0.173099 9.7264
49.1461 1.64434 18.7536
31.7603 -0.565035 14.937
40.2865 -0.173099 9.7264
2
116
19.361
32.6023 1.2503 11.0542
31.7603 -0.565035 14.937
25.669 -0.17198 3.9897
32.6023 1.2503 11.0542
2
45
13.0265
23.5765 -3.46038 -1.90231
25.669 -0.17198 3.9897
25.5041 0.695488 -10.7912
20.3866 -1.56084 -9.0551
1
-31
14.9479
20.419 0.508026 -4.37252
25.5041 0.695488 -10.7912
16.6837 -0.47405 -13.5966
19.6605 1.98836 -3.80926
2
-45
12.773
22.6754 -1.29287 0.797748
16.6837 -0.47405 -13.5966
16.8318 0 7.77974
16.6837 -0.47405 -3.59662
2
24
21.6922
