9
0.881601 4.61927 -0.0230854
0 0 0
0.881601 4.61927 9.97692
0.881601 4.61927 9.97692
2
-123
11.1995
6.62701 -2.39639 1.60127
0.881601 4.61927 9.97692
7.42631 1.79164 10.6468
4.51469 -2.39639 3.89841
2
-45
12.3957
12.5306 6.62978 6.47391
7.42631 1.79164 10.6468
16.1752 -0.408182 0.376071
12.5306 6.62978 6.47391
2
84
15.088
20.0232 -6.82257 10.8347
16.1752 -0.408182 0.376071
26.2649 -0.906268 5.73186
20.0232 -6.82257 10.8347
2
58
15.4699
5.88571 5.92403 -7.00568
26.2649 -0.906268 5.73186
8.87834 0.935474 1.12813
17.8063 3.8801 -1.09671
2
45
21.5617
7.60342 -1.06269 8.81814
8.87834 0.935474 1.12813
0.482181 2.96693 3.06922
6.94911 2.54482 8.24937
2
-45
11.5922
-9.1819 2.68671 0.514428
0.482181 2.96693 3.06922
-11.7367 4.81789 9.94476
-9.1819 2.68671 0.514428
2
-311
16.0331
-9.19245 5.18162 0.280671
-11.7367 4.81789 9.94476
-18.8565 4.90141 -2.27412
-9.19245 5.18162 0.280671
2
-324
16.0331
-2.54424 -0.36373 9.66409
-18.8565 4.90141 -2.27412
0 0 0
-18.8565 4.90141 7.72589
2
-305
23.5625
