11
5.86426 3.40326 -1.67789
0 0 0
5.86426 3.40326 8.32211
5.86426 -3.12531 8.32211
2
-156
11.9921
-2.43365 2.49614 13.8286
5.86426 3.40326 8.32211
3.07289 -0.438523 21.6431
-2.43365 2.49614 13.8286
2
-318
16.0331
8.63249 -0.923944 29.941
3.07289 -0.438523 21.6431
0.334588 -1.83106 35.4475
8.63249 -0.923944 29.941
2
-435
16.0331
-7.97619 -1.97855 41.0071
0.334588 -1.83106 35.4475
-2.41659 -2.46397 49.305
-7.97619 -1.97855 41.0071
2
-259
16.0331
-7.97759 -2.3852 40.9943
-2.41659 -2.46397 49.305
-16.2884 -2.53269 46.5539
-7.97759 -2.3852 40.9943
2
45
16.0331
-20.0052 7.46364 41.5211
-16.2884 -2.53269 46.5539
-25.5662 7.54242 33.2103
-21.9165 7.54242 37.7576
2
78
19.4451
-20.2438 -1.69022 23.3871
-25.5662 7.54242 33.2103
-24.1224 5.25306 17.3251
-22.4976 3.93263 23.6188
2
45
17.6337
-24.1224 5.25306 17.3251
-24.1224 5.25306 17.3251
-21.254 1.87874 8.35927
-21.254 1.87874 8.35927
2
272
9.80296
-21.254 1.87874 8.35927
-21.254 1.87874 8.35927
-18.3856 -1.49557 -0.606575
-18.3856 -1.49557 -0.606575
2
389
9.80297
-11.4987 3.65952 -2.84952
-18.3856 -1.49557 -0.606575
-8.63033 0.285207 -11.8154
-11.4987 3.65952 -2.84952
2
454
16.1559
-6.88686 -5.15509 2.24295
-8.63033 0.285207 -11.8154
0 0 0
-8.63033 0.285207 -1.81536
2
389
16.9281
