-0.500000 -0.866025 0.000000
1.000000 0.000000 0.2000000
-0.500000 0.866025 0.400000
-0.500000 -0.866025 0.600000
1.000000 0.000000 0.800000
-0.500000 0.866025 1.000000
-0.500000 -0.866025 1.200000
1.000000 0.000000 1.4000000
-0.500000 0.866025 1.600000
-0.500000 -0.866025 1.800000
1.000000 0.000000 2.00000
-0.500000 0.866025 2.200000
-0.500000 -0.866025 2.400000
1.000000 0.000000 2.6000000
-0.500000 0.866025 2.800000
-0.500000 -0.866025 3.000000
1.000000 0.000000 3.20000
-0.500000 0.866025 3.400000