12
0 0 -10
0 0 0
0 0 10
0 0 10
1
0
9.90098
0 18.6815 0
0 0 10
0 18.6815 20
0 0 34.3368
1
0
22.9299
0 18.6815 10
0 18.6815 20
0 18.6815 30
0 18.6815 30
1
0
9.90099
0.0352088 6.56486 20
0 18.6815 30
0.0352088 6.56486 40
0.00202776 6.56486 40
1
0
16.5435
10.0352 9.23973 45.797
0.0352088 6.56486 40
10.0365 1.52718 52.1623
10.0352 9.23973 45.797
2
-102
18.167
20.9588 -0.305208 53.1092
10.0365 1.52718 52.1623
29.3874 1.94936 57.9953
19.4668 -0.305208 56.9224
2
-300
20.2237
24.7453 0.908271 66.7912
29.3874 1.94936 57.9953
33.5412 -0.800843 71.231
24.7453 0.908271 66.7912
2
-222
16.0331
24.6877 -0.543719 66.5889
33.5412 -0.800843 71.231
20.0455 -1.5848 75.3847
24.6877 -0.543719 66.5889
2
-245
16.0331
14.5473 -0.954773 75.7999
20.0455 -1.5848 75.3847
5.69376 -0.69765 71.1578
14.5473 -0.954773 75.7999
2
-45
15.0584
14.4784 0.348764 78.7732
5.69376 -0.69765 71.1578
4.57122 1.484 79.5213
14.4784 0.348764 78.7732
2
-45
13.5658
11.1438 -1.59571 71.9957
4.57122 1.484 79.5213
18.6694 -0.699268 78.5197
11.1438 -1.59571 71.9957
2
-45
16.2931
12.3831 2.24626 85.7174
18.6694 -0.699268 78.5197
24.9556 -3.6448 71.322
24.9556 -3.6448 71.322
1
0
0
