15
0 0 -10
0 0 0
0 0 10
0 0 10
1
0
9.90098
0 17.0841 0
0 0 10
0 17.0841 20
0 0 20
1
0
20.8543
5.55651 17.0841 18.125
0 17.0841 20
5.55651 17.0841 38.125
21.9094 17.0841 30
1
0
20.1195
6.91073 4.96396 33.7173
5.55651 17.0841 38.125
16.0079 4.96396 37.8695
15.8343 16.9771 34.0143
1
-55
16.5632
10.0411 10.5592 29.2475
16.0079 4.96396 37.8695
19.3256 10.4625 25.5342
10.0411 10.5592 29.2475
2
-74
16.5617
18.5069 1.853 20.5136
19.3256 10.4625 25.5342
13.4863 6.5609 13.259
18.5069 1.853 20.5136
2
-249
16.0331
23.3517 7.39757 14.0776
13.4863 6.5609 13.259
22.533 -1.21193 9.05707
23.3517 7.39757 14.0776
2
-258
15.1026
21.6434 -0.439283 18.9874
22.533 -1.21193 9.05707
31.5738 0.402903 19.8115
21.6434 -0.439283 18.9874
2
45
16.0331
21.6135 0.368416 18.9219
31.5738 0.402903 19.8115
20.7239 1.14106 28.8522
21.6135 0.368416 18.9219
2
129
16.0331
20.6862 11.1409 28.8867
20.7239 1.14106 28.8522
10.7259 11.1064 27.9971
10.7259 11.1064 27.9971
1
0
14.3036
17.7955 -3.76211 28.6018
10.7259 11.1064 27.9971
3.65624 10.3311 27.3924
3.65624 10.3311 27.3924
1
175
8.67532
4.37444 3.30545 17.4878
3.65624 10.3311 27.3924
-5.53022 2.21913 16.6407
4.37444 3.30545 17.4878
2
45
18.1258
-6.12062 10.8995 21.2031
-5.53022 2.21913 16.6407
-4.93982 -0.651417 4.91866
-4.93982 -0.651417 4.91866
1
92
12.214
-10.9004 4.40597 17.0064
-4.93982 -0.651417 4.91866
-9.92312 -0.345488 -2.3964
-9.92312 -0.345488 -2.3964
1
106
9.73048
4.9833 -0.30593 7.31506
-9.92312 -0.345488 -2.3964
0 0 0
-9.92312 -0.345488 17.6036
2
97
19.3885
