17
22.8324 0 6.35779
16.8209 0 8.08155
22.8324 0 16.3578
16.8209 0 18.0816
2
0
11.2056
11.6211 -0.590987 17.9834
22.8324 0 16.3578
11.6211 -0.590987 27.9834
22.8324 0 26.3578
2
0
17.1082
19.4203 1.21391 26.8525
11.6211 -0.590987 27.9834
19.4203 1.21391 36.8525
11.6211 -0.590987 37.9834
2
0
13.0636
15.9799 -1.28592 37.3514
19.4203 1.21391 36.8525
15.9799 -1.28592 47.3514
19.4203 1.21391 46.8525
2
0
11.5897
25.7795 -1.28592 45.9305
15.9799 -1.28592 47.3514
25.7795 -1.28592 55.9305
15.9799 -1.28592 57.3514
2
0
14.3798
35.9227 -1.28592 54.142
25.7795 -1.28592 55.9305
35.9227 -1.28592 64.1419
25.7795 -1.28592 65.9305
2
0
14.5104
45.9477 -1.28592 56.7617
35.9227 -1.28592 64.1419
45.9477 -1.28592 66.7617
35.9227 -1.28592 74.1419
2
0
13.2819
53.7782 -1.28592 60.9245
45.9477 -1.28592 66.7617
53.7782 -1.28592 70.9245
42.2881 -1.28592 58.0036
2
0
14.5126
62.2478 -1.28592 69.5453
53.7782 -1.28592 70.9245
58.3924 -1.28592 60.3184
53.776 -1.28592 61.0701
2
0
12.4711
53.0446 -1.28592 61.1892
58.3924 -1.28592 60.3184
53.0446 -1.28592 51.1892
53.0446 -1.28592 51.1892
2
0
10.931
64.0019 -1.28592 50.0378
53.0446 -1.28592 51.1892
58.9474 -1.28592 41.4093
58.9474 -1.28592 41.4093
2
0
12.9145
50.1894 -1.28592 42.0215
58.9474 -1.28592 41.4093
55.3567 -1.28592 33.4601
64.1147 -1.28592 32.8478
2
0
10.9461
61.1854 -0.728078 33.0526
55.3567 -1.28592 33.4601
66.3528 -0.728078 24.4911
66.3528 -0.728078 24.4911
2
0
14.127
53.4007 -0.728078 22.5218
66.3528 -0.728078 24.4911
61.1439 -0.335259 16.2061
74.096 -0.335259 18.1754
2
0
13.1177
54.87 -1.16084 8.46287
61.1439 -0.335259 16.2061
62.6132 -0.768025 2.14715
54.87 -1.16084 8.46287
2
-45
16.0331
28.5918 0.825584 6.39688
62.6132 -0.768025 2.14715
22.318 0 -1.34632
62.6132 -0.768025 12.1472
2
37
42.5179
16.8355 0 -1.67885
22.318 0 -1.34632
16.8355 0 8.32116
22.318 0 8.65369
2
0
11.7018
